0.6829882236286837	-0.3452033437706729	1
2.040990429336424	-0.1316146738201309	1
-0.13975154496465805	0.45439050205642195	1
0.8857478515148975	0.2863418273767967	-1
1.1824585263269392	-0.49771050832265396	1
1.019208260595393	-0.42546583354809975	1
0.3893615855255742	-0.24711722564531435	1
-0.5603845755623929	0.7126810996524465	-1
0.9018435234336856	0.05393087267310873	-1
0.2067479066880123	0.006207693091187837	1
1.3235233116635663	-0.2891758321320681	1
0.38375871246426885	0.8518023787510323	-1
0.9691216262804108	-0.4854873428120161	1
0.6699009243928408	0.9193385896119644	-1
0.12320759274118587	0.013533899144287348	1
1.016783356949077	-0.5576687626385336	1
2.0082992986981276	0.31643434631471745	1
0.7215803194631376	-0.37257114286784687	1
-0.8560420970262657	0.0218135895518741	-1
0.18268527733992213	0.28779869855250895	1
-0.05049922322893851	1.0148964175953128	-1
-0.840751843830793	0.5381502743615032	-1
1.5104034061231972	-0.45511096372133975	1
1.508159740650993	-0.41237818434349627	1
-0.7615058591248451	0.8484491893958538	-1
0.5914108761879276	0.7822828018552759	-1
1.8395300761898805	0.09604243709074216	1
2.1524836676764165	0.4286169881149853	1
0.0658295179205795	0.22585647303774176	1
1.5197164577226925	-0.2754211659170328	1
1.0727899231994396	0.43368735647088846	-1
0.04476546578528834	0.25329226804143046	1
0.8723501878297453	0.578134242087755	-1
0.8302266154695425	0.3177939313900834	-1
0.7238519208180247	-0.3138761854062707	1
-0.8399558844377638	0.5594068715625278	-1
1.020904819829399	-0.014166384442798136	-1
-0.2264853160885395	1.0737119194030333	-1
0.6031218177859998	0.9899573037836242	-1
-0.10106167713003084	1.1838714951180582	-1
-0.45332130249049896	0.796892936088657	-1
-0.05536069560422566	1.186700483390104	-1
1.960725341126403	0.13606145304649755	1
0.1714908260869326	0.9431170005513644	-1
-0.2521830371410445	0.86859179763247	-1
0.39440972903460325	1.1030738075729405	-1
1.1861249567523289	-0.526572835592541	1
1.1005889128997526	-0.26070254575654667	1
-0.6553395351267192	0.8091734761855273	-1
1.1163749720226714	-0.48453376804826376	1
0.25818509435597736	-0.07858207943118337	1
-1.184185883603699	0.23328148060441725	-1
1.2394717057577855	-0.24249708686438062	1
0.05814278932501755	1.007041672484918	-1
2.0430437322568467	0.4469936788095515	1
1.8549230067207068	0.09231149594564128	1
-0.3683071437895207	0.8431132701748469	-1
-0.42288705666038334	0.8971472037984326	-1
0.46233705265775266	-0.12900790585495733	1
0.9004644085426301	0.5611716074674943	-1
1.0945055386455065	-0.3998474095391466	1
0.37619718614380376	0.8760584380729974	-1
0.8132414836778377	0.004112908733121062	-1
0.19323581706668802	-0.056584826642180716	1
0.27058484408178807	-0.010110456221539658	1
0.7657396400455975	0.6173538678108329	-1
0.8955471427298717	0.5404963521410424	-1
1.5640808321691313	-0.19251917899913287	1
0.35632468238055814	1.0102823805217556	-1
0.24740064710635418	-0.24953658197305845	1
-0.4578153743765313	0.8672709006192936	-1
-1.063905643515666	0.4214813174951211	-1
1.2361973836022189	-0.6129496578897804	1
0.4606681914244688	-0.22072786743025358	1
-0.9823130610292501	0.4084215494566537	-1
1.7274445992412413	0.32623239294627104	1
-0.18838487529170989	1.067904179672005	-1
-0.13758203725875723	1.1157944372770852	-1
0.13493017918968092	1.004365599365619	-1
2.0291355838984133	0.35739821710820446	1
0.1527658786245346	0.1815824456450737	1
-0.06286839789357059	0.5517730247326942	1
0.7171173317746239	0.546979454250319	-1
-0.8944954415560139	0.5025839111648923	-1
-0.16297228278108364	0.9906826900479977	-1
-0.612730087517099	0.7498648685632623	-1
-0.7446191956519315	0.6169515168751307	-1
-0.09187411726192875	0.91419739044004	-1
0.9160827317941697	0.35678920794078617	-1
0.9848196531629305	0.3076368334191396	-1
0.44770152691369614	-0.29481892126012	1
-0.30254179418097316	0.8885465959418766	-1
0.09342650444498962	1.1766201294086727	-1
1.1094990928897603	-0.3183356518965619	1
0.6997309977641238	0.8010006369213479	-1
0.798349410614435	0.4093903708292622	-1
0.1654116331562303	-0.20956189525395777	1
-0.8958509778447056	-0.13885660016550444	-1
1.672992365641961	0.03320745181660823	1
0.21461037540469663	1.0845752565357003	-1
1.1479251406995254	-0.3496124628471179	1
0.1857293867606032	0.9800536665741819	-1
0.7865267324527816	0.5798420973632352	-1
0.2619995390120683	-0.2507258036919915	1
1.787955843001961	-0.16567227666540657	1
1.0381055777403203	-0.47207212742387733	1
-1.2272758742530836	0.09849444542902261	-1
0.9179792371439173	0.3649273423400171	-1
0.2320510868679972	-0.07782938722879201	1
-0.28632664114658984	0.9302451922496673	-1
-0.9677487449259132	0.1908984114566526	-1
1.573965179772889	-0.14982054327571717	1
-0.13405828243764822	1.1248845265496352	-1
1.3926700309326405	-0.41012414145357967	1
1.4431324385759299	-0.20329290970652722	1
-0.7560620666088604	0.7961175023086227	-1
-0.9810028712500918	0.17853589075650925	-1
2.0917861012408947	0.36955246697616106	1
0.3500848410240977	-0.36346845216740375	1
0.7686573552209143	-0.3371023925669587	1
0.3562969163078975	0.8824317384801261	-1
-0.0674198021991059	0.19703093545454656	1
0.3347427328785494	-0.17073870808643052	1
0.08356706781307315	-0.06789734152344204	1
-1.0265258363153176	0.34273096686970683	-1
1.6635469289129667	-0.29175214942928196	1
0.6943652601402782	0.797840201659178	-1
-0.9028150005465694	0.3182378476796358	-1
0.4167238774058173	-0.2724068024936328	1
2.0559021250014733	0.02489069421255455	1
-0.9804534336528045	0.24279293558587434	-1
-0.8209493818117859	0.752137051765567	-1
0.1458946996083773	0.10045493102711121	1
-0.5753823367539891	0.592730560519541	-1
1.8496641447534825	0.005029921459505121	1
1.7491868627034923	-0.11256799545439279	1
-0.13785707227808577	0.3756193131719998	1
0.15228205522150992	-0.24942984820368239	1
0.1590682787196731	-0.05245203795681407	1
1.0505699173155572	0.16262003959167975	-1
-0.6687281966860147	0.59499455372869	-1
-1.0656498620967805	0.184120359316292	-1
0.10298374327691567	-0.16183273425849742	1
-0.5814017966782997	0.5429836732404449	-1
0.636362508196227	-0.6728418566502037	1
1.7656808623047737	-0.33150390900758897	1
-0.8914704358657666	0.5442652593740768	-1
-0.08668479282082772	1.0078926761026972	-1
0.9711947120377402	0.32838139401581656	-1
-0.25931110457785894	0.8935291382341652	-1
1.7878406630666863	-0.09597064995093996	1
-0.7389903200215758	0.7088255959898928	-1
0.8910560034711589	-0.5345788398601605	1
0.036014392243409334	0.42317901131856717	1
2.026358024926479	0.1753871999374805	1
1.3505525614914697	-0.39932893617260795	1
1.1847460603639592	-0.39715781252308424	1
0.15491571551894728	1.1382101767634643	-1
0.43107515708256505	-0.41476412426721054	1
-0.08001018086210668	0.844628809018367	-1
0.5685192781244695	-0.3766189690517694	1
0.020719679040111023	0.32411272055822626	1
0.9320200190549612	0.22647396432298078	-1
0.6940329198320531	0.6101792653914182	-1
0.792545747795465	0.5153203222492371	-1
-1.0719864936875607	0.09253942634146961	-1
1.7001269032910646	0.2574426576576146	1
1.6216815355251097	-0.32120961845177365	1
0.11133403525591605	0.11805448623262813	1
0.4030591591637819	0.8264796676884465	-1
-0.366067409004581	0.9287831503354647	-1
0.8634128601787536	-0.27813138984954877	1
1.5501074045470222	-0.46573973661212564	1
0.5925914380335712	0.6605435200017282	-1
-0.2730093385562478	0.6795333665800356	-1
1.3538000212907824	-0.4473342422747478	1
-1.115098608533357	0.3504530127552578	-1
0.7395511722219315	0.5479238657699287	-1
2.2703863872199213	0.21272951984317126	1
-1.0006630215104053	0.12713138715501426	-1
0.4459020057980981	-0.2934929624748668	1
1.1106329104828443	0.07716381493013363	-1
1.7215539357868488	0.13532059157828524	1
1.6652639542551428	-0.14229023924956447	1
-0.4951504264159175	0.8678513020730548	-1
1.7137461003348995	-0.0888818614054645	1
1.5876761199225005	-0.28888103303267915	1
0.036982111401632156	0.13038452166313352	1
-0.5073071898892457	0.8478319958038526	-1
0.7798436219611693	0.7917192063902806	-1
0.06000220681605839	0.995840384216429	-1
-0.02702033186775383	0.5947616937661409	1
1.2150907037412437	-0.34064218354158693	1
0.475552507443409	-0.6125992358019325	1
1.465822644236922	-0.5170505641146156	1
0.8151994699626077	0.23146128389923668	-1
1.9740822949378058	0.519099125460837	1
1.8701326795976576	-0.11510451668396751	1
0.7538066788975337	0.5677214584685648	-1
0.9008143465876964	-0.43638994352146404	1
0.9089649821886582	0.04420082457536769	-1
-0.7913504614557216	0.6637600378693074	-1
0.8774837984120952	0.6328720483881868	-1
0.5323614276402667	-0.3676507459516205	1
-0.07730134672700598	0.167976555012524	1
0.829953646148666	-0.40686778586105354	1
1.9219961886634025	0.2919987348132842	1
-0.8445271672520012	0.18539218621027945	-1
0.21777502355851797	0.9102050020276903	-1
-0.8603638301691621	0.3882708783972551	-1
-0.764975951196833	0.5293086251678143	-1
1.8188276061786586	0.3394726047963305	1
0.8799693407249951	0.11658596342139935	-1
0.11179744302715469	1.0790587784365693	-1
1.6507595758700826	-0.4052505245620984	1
0.23763645863550611	1.239950896359412	-1
0.5793765898920451	0.804945522549003	-1
2.090614765073666	0.14972420782494433	1
0.02967745882727802	0.4180417473700408	1
0.6899660856543894	0.6329198280973141	-1
-0.9876098608608898	0.709832410412026	-1
1.8930648250819766	0.025302376958833285	1
0.8127167137144421	-0.4058759998512271	1
0.25586894863292603	0.4891838945971158	1
0.8258924508706893	0.4528185828849576	-1
1.802936732724297	-0.2764797188308454	1
-0.5953160041638642	0.5006365870301217	-1
-0.15960868175046544	1.0534374301080467	-1
0.766349214487816	-0.5145434895943075	1
0.5892076804334742	-0.49154309585157274	1
0.5679987522922021	0.717806657754982	-1
1.3203581396341724	-0.5789857383859404	1
2.0662517920207866	0.316401209745014	1
1.7570931252610633	-0.4452387163942112	1
0.38615742809050607	-0.3072449792936776	1
0.8768378049581715	0.27446156784027315	-1
0.5479467460054043	0.8523846064698455	-1
-0.46741857025845307	0.9315912586898137	-1
1.6472409361413436	-0.12079906680754303	1
1.0412024780369773	-0.48310741943226215	1
2.1104580290499535	-0.1318600446596045	1
0.6633988880798171	-0.6456728336154243	1
-0.18106232912885478	0.1460800501963993	1
0.4986468050003487	0.8078036575911177	-1
0.871508602044829	-0.5130050013716156	1
-1.0114334502393745	0.13701458798528887	-1
0.41838069536504957	-0.3795491725239606	1
0.8690728802076313	-0.5024612208928798	1
1.578649523593739	-0.4251906416642308	1
0.9890780439814556	0.06620973556637932	-1
-0.6701082222050132	0.7274224640591886	-1
0.44782455120371306	0.8859648295411516	-1
-0.8935866045796078	0.22566385767334596	-1
0.9647095770717395	-0.001838652877548145	-1
-0.8474557127404423	0.2764344607129942	-1
-0.5419269907244502	0.8500977558894638	-1
0.6767630791229522	0.7582029737278637	-1
-0.1814284232361108	0.8995480427460961	-1
0.43336013380807775	-0.24019390891629414	1
0.6297135000511537	0.5754003850767606	-1
-0.2093425379612611	0.7647819006994583	-1
0.5324413474369253	0.7482638105051659	-1
1.465588662442436	-0.6570803740973657	1
0.7873226135912915	0.2161871578015033	-1
-0.18363059296617268	0.9566667166854288	-1
0.022794136189671868	0.30361469100862626	1
2.2099721391981406	0.4619983240047063	1
-1.0126883057674148	0.2692072590969751	-1
1.8393175650219264	0.2597584411640185	1
1.217287863569901	-0.36969854388401996	1
0.6194564745316139	0.979791959798856	-1
0.44698635429277006	0.9222118132015819	-1
0.28737685462512697	0.17234229622697736	1
0.21908355777677188	-0.18168068546970262	1
1.9839675808525985	0.5595763725135579	1
0.32753720405460224	-0.4403418652216824	1
0.044373766098478325	0.1298796100935774	1
0.1974826920735924	0.9981948063798785	-1
0.3777163997649905	0.7680800226951784	-1
1.3537145664249766	-0.5639715169059837	1
1.6052735301698542	-0.5119163801653774	1
1.111697749002457	0.39799296633420495	-1
0.03167769398372928	0.3086172768716034	1
1.9454578199352806	-0.11807666697272953	1
0.35041921455580505	-0.32662507494273735	1
1.4639083341190897	-0.1755507105883233	1
-1.035217298359959	0.024252042561252067	-1
-0.9028403833990318	0.35649099895844055	-1
0.1977250055034598	0.47419058245928797	1
-0.6496963580799302	0.8294799359200711	-1
-0.21054205579225435	1.0187290902994461	-1
0.6716385320188608	-0.38264548728507985	1
-1.0070234629194452	0.671078966392649	-1
1.8680652110862594	0.4773754780991323	1
1.0188552710227283	0.4212638209699416	-1
0.3858327657675851	-0.15633346271855217	1
0.202355700387039	1.103499310481452	-1
-0.6617740723814864	0.8507276411565792	-1
1.6661607848485847	-0.0798465904359428	1
-0.4660283607858326	0.8499437737991087	-1
